k=n 1.0503341970033944 1.305339106998872 0.7650860350113362 0.7422244110493921 0.8910130420117639 1.177916112006642 0.727664845995605
i=n 0.755729943048209 0.7579653349821456 0.7345909410505556 0.7358218600274995 0.7644420320284553 0.7564728099969216 0.8027834370150231
u=l 1.3190312950173393 0.8541633739951067 0.9595553999533877 0.7648746190243401 0.9966443779994734 0.8633401269908063 0.7711858399561606
6=l 0.8998706439742818 0.8838965949835256 0.8771133929840289 1.147931598010473 0.8772944050142542 0.9455232369946316 0.8326603579916991
5=l 1.0718548410222866 0.7790553030208685 0.7428890260052867 0.802719273022376 0.6890725179691799 0.7284615940297954 0.7426819740212522
6=, 1.2234608770231716 1.050273550034035 0.9742166829528287 0.8763236649683677 0.9670682440046221 1.4693383810226806 0.9379074180033058
o=h 1.0049114559660666 1.0499926280463114 0.7656498310388997 0.7713351480197161 0.675299360009376 0.7569317289744504 0.6748064740095288
5=, 0.9681939019938 0.9089053760399111 1.176916032040026 0.832116860023234 0.8539758730330504 0.7645422709756531 0.9527051000040956
u=5 0.9233582490123808 0.9383798349881545 0.7962569079827517 0.8025270160287619 0.7415752909728326 0.7951337299891748 0.8850149099598639
l=ö 0.959838621027302 0.8991997539997101 0.9063449460081756 0.8719363129930571 0.8333813489880413 0.8711029910482466 1.1012799190357327
3tw 0.8357802610262297 0.8381293019629084 0.7145710359909572 0.7473536390461959 0.7424794510006905 0.783335571992211 0.7192611180362292
st8 0.7820042520179413 0.8250511059886776 0.7415305970353074 0.7927819030010141 0.9202734110294841 0.6692182930419222 1.0029485610430129
dta 4.462121857970487 0.8903825709712692 0.841596695012413 0.8032464120187797 0.7396903010085225 1.0843470369582064 0.8633162879850715
qte 0.9222226770361885 1.0523768530110829 1.0370988419745117 0.9765127130085602 0.8782303420011885 0.8198858430259861 0.94789585104445
7td 0.929527286964003 0.7997869070386514 0.7471322129713371 0.8135047599789687 0.6859016880043782 0.7512063080212101 0.8617840809747577
9te 0.7922088059713133 0.7541851190035231 0.6736207489739172 0.6425986899994314 0.6365927910082974 0.595865480019711 0.602860310988035
xtd 1.3853795279865153 0.8077639269758947 0.8188771769637242 0.7689597730059177 0.7612276609870605 0.8826657849713229 0.8716650249552913
stq 0.9849140719743446 0.9659808719879948 0.8547492030193098 0.9363622069940902 0.9575682249851525 1.1595575219835155 1.0755531209870242
st1 1.1474103900254704 1.0731051650363952 0.9598664179793559 1.0929635139764287 1.0835976610542275 0.9641438210383058 0.8555507299606688
1te 0.8900950949755497 0.8894438430434093 0.8539740280248225 0.8106673159636557 0.7696150889969431 0.7845283049973659 0.8018185240216553
=kn 0.8325981630478054 0.6760724579798989 0.764948817959521 0.6382039859890938 0.6306464680237696 0.5473220500280149 0.7488054769928567
hkö 1.1423885739641264 1.0574019419727847 0.9737545710522681 0.8919358309940435 0.9818755299784243 0.8473319360055029 0.9451517860288732
+ku 0.809732407971751 0.7043555619893596 0.7703725130413659 0.6906921140034683 0.6747774460236542 0.8640931349946186 0.7493256980087608
jkl 0.5843885730137117 0.5773665879969485 0.68980872904649 0.5924726910307072 0.531172510003671 0.5545013429946266 0.5621254299767315
+kl 0.7410029610036872 0.6001910950290039 0.6221603679587133 0.6293721409747377 0.6123737170128152 0.6362091200426221 0.5772736570215784
+kj 0.6900024769711308 0.8613551760208793 0.6453440369805321 0.9219483289634809 0.682909750030376 0.7794891509693116 0.7203533939900808
.kh 1.0345724410144612 0.8240760570042767 0.7492059190408327 0.8092099479981698 0.831798991013784 0.7269838989595883 0.6901895549963228
mk4 0.9674023420084268 0.8099730890244246 0.8847961009596474 0.9292579480097629 0.8168844819883816 0.7502032239572145 0.6901884679682553
pk§ 0.8397552079986781 0.8476962249842472 0.7654865959775634 0.8852162479888648 1.0358211030252278 1.1180405340273865 1.0497971599688753
mk§ 0.696960884029977 0.780848670983687 0.6233264559996314 0.5996741900453344 0.5920439959736541 0.6149786059977487 0.636295942007564
2xb 1.0259264310006984 0.918654831009917 0.9898270089761354 0.9294934489880688 0.8800343470065854 0.8406751510337926 0.8409242219640873
ax7 0.9696815889910795 0.8607892749714665 0.8382530250237323 0.7920738940010779 0.8103540280135348 0.7596212909556925 0.746352030953858
fxe 0.7412118880311027 0.7744841250241734 0.7638934910064563 0.8666154730017297 0.7599593850318342 0.7066574270138517 0.7737398750032298
txa 0.9339690799824893 0.863927586004138 0.8257602759986185 0.8431036740075797 0.887983423017431 0.8099387339898385 0.9296950820134953
rx7 0.7948911510175094 0.7000903800362721 0.6681538049597293 0.8790545509546064 0.692097365972586 0.6737958419835195 0.8313508249702863
7xg 0.6243383229593746 0.5452765160007402 0.5589842000044882 0.6948961039888673 0.5467697400017641 0.5432595490128733 0.5680837060208432
1xb 0.9693904130253941 0.9623137679882348 0.8470479070092551 0.8999822539626621 0.9936954749864526 0.847610774973873 1.0032175020314753
ex7 0.882895463029854 0.7354885750100948 0.6744498609914444 0.6960599569720216 0.6782350559951738 0.6482567620114423 0.6292687919922173
bx9 1.0146406210260466 0.8679053880041465 0.9361132659832947 0.8178206610027701 0.8089224699651822 0.6977271810173988 0.815085327019915
8xe 1.1654372050543316 0.797549987968523 0.794665742025245 0.7096609660075046 0.6963416539947502 0.692573867039755 0.7856040329788812
,.m 0.6750157449860126 0.6455753289628774 0.6136006209999323 0.6144824520451948 0.6294494360336103 0.5761013089795597 0.5853324619820341
y., 0.6821696249535307 0.6363853540387936 0.7273860669811256 0.6217253690119833 0.5767636119853705 1.2828423400060274 0.8917676290147938
,.= 0.7056631579762325 0.6457193549722433 0.6967333820066415 0.6059986230102368 0.6747918049804866 0.5609103339957073 0.5531836840091273
-.i 0.9824271709658206 1.09412414196413 1.049971208034549 1.050153278047219 0.8475037539610639 1.0113384340074845 0.7956052889931016
+.6 1.0968381019774824 1.2060023380327038 0.8472812080290169 0.7629870909731835 0.8088250110158697 0.7642751740058884 0.8173168720095418
,.4 0.9223292809911072 0.8618161039776169 0.8006966839893721 0.8018788800109178 0.787074533989653 0.8094481330481358 0.8031876900349744
§.h 0.6296681489911862 0.6090401439578272 0.7567907550255768 0.5545487359631807 0.5165720449876972 0.49319202604237944 0.5844445489929058
§.ö 0.6902721580117941 0.978489892964717 0.811464766971767 0.7572960769757628 0.7203808649792336 0.8909455399843864 0.6810025710146874
4.k 0.8791211789939553 1.0507710429956205 1.5896985189756379 0.9440595969790593 1.1553330079768784 0.922607974964194 1.102262057014741
m.§ 0.7281682849861681 0.7231001770123839 0.6597989440197125 0.7643573110108264 0.8108527390286326 0.7661502240225673 0.7564228469855152
sef 0.678743796015624 0.6493758159922436 0.5355934359831735 0.5254826170275919 0.4385544880060479 0.5020086920121685 0.534764023963362
xeg 0.7214071389753371 0.7016710210009478 0.6783572229905985 0.6929020829848014 0.6569674170459621 0.6156952109886333 0.6209538719849661
be7 0.7878078309586272 1.0279461310128681 0.7560093299834989 0.7501696230028756 0.8311294540180825 0.791709657991305 0.6537080919952132
7ea 0.6958581309881993 0.7207455539610237 0.7313433709787205 0.6423772940179333 0.6732484030071646 0.6094182899687439 0.5898365670000203
qew 0.9492992330342531 0.8539163089590147 0.8188820529612713 0.8939953870140016 0.7907938670250587 0.8115618439624086 0.8409363750251941
ges 0.7673762800404802 0.7302013660082594 0.7607910169754177 0.6407930770074017 0.6710181829985231 0.661208649049513 0.6770814479677938
7eq 0.7961096049984917 0.7863394999876618 0.7385124019929208 0.7204225879977457 0.7196840099641122 0.7878160870168358 0.7347884649643674
bea 0.9705162780010141 0.7186940360115841 0.663066170993261 0.717123462993186 0.6818258729763329 0.7337908470071852 0.6098835640004836
8et 0.7876994020189159 0.7137239330331795 0.7549918059958145 0.7319029290229082 0.7781665359507315 0.7620465090149082 0.7140637990087271
7es 0.7203269349993207 0.6638700169860385 0.7810401429887861 0.6880190120427869 0.7715435799909756 0.6049466709955595 0.6133515550172888
kml 0.5987540740170516 0.6128368030185811 0.7039745320216753 0.6669981659506448 0.5998277619946748 0.6426151500199921 0.7733332830248401
.m§ 0.6968790980172344 0.6814320109551772 0.5851061749854125 0.6301493450300768 0.6819819950032979 0.8013821349595673 0.7043011100031435
pm= 0.8939314020099118 0.8328630919568241 0.8404421829618514 0.8472038789768703 0.8540454909671098 0.8036172619904391 0.7877250710153021
.m6 0.6899750910233706 0.7561047940398566 0.7639468989800662 0.6607601880095899 0.6664121379726566 0.7041165870032273 0.8100309270084836
lm6 0.8779214089736342 0.8422835999517702 0.7958429980208166 0.71949788503116 0.8396096819778904 0.7338823360041715 0.8613196659716778
omk 0.6001700200140476 0.6438690219656564 0.6079977980116382 0.712262186978478 0.667256026994437 0.7504675420350395 1.04383921995759
,mp 0.8094789559836499 0.8918976649874821 0.89901287201792 0.8015986459795386 0.7732144650071859 0.7113982959999703 0.7948630460305139
lmk 0.7638122150092386 0.7719565439620055 0.870351662975736 0.7196682060020976 0.8692786069586873 0.6662060919916257 0.7951166339917108
5m§ 0.74982910300605 0.8164517670520581 0.7494600670179352 0.8555916660116054 0.8173156109987758 0.7421368919895031 0.8263798819971271
5m, 0.7429106159834191 0.8467057569650933 0.7193980889860541 0.7269223320181482 0.7939362779725343 0.7749099509674124 0.8405385059886612
wv9 0.9910904280259274 0.768322091025766 0.9087447619531304 0.6816362959798425 0.9214311760151759 0.7857660700101405 0.7669989920104854
ev7 0.8178653999930248 0.7633595709921792 0.6592065140139312 0.8251470719696954 0.7777645510504954 0.7887164180283435 0.8961414569639601
sve 0.9045720710419118 0.7869031589943916 0.7305900040082633 0.7231468509999104 0.7293377270107158 0.6952204469707794 0.7917291030171327
wvz 0.9052142890286632 0.932860219036229 0.7801947239786386 0.88592615298694 1.0778845440363511 0.8146245999960229 0.8522254129638895
8vd 0.8582724450388923 1.0817998909624293 0.8701407620101236 0.712658939009998 0.6311576630105264 0.6654803359997459 0.6611207440146245
avx 1.3116600360372104 0.7951034419820644 0.8006558530032635 0.8624838580144569 0.768230463960208 0.7729620350291952 0.7195089929737151
1vw 0.871069738001097 0.8106980380252935 1.069509327004198 0.8773628249764442 0.8650230630300939 0.8619159720255993 0.8309136260068044
cvx 0.7915056670317426 0.8488987470045686 0.9610559589928016 0.8322205350268632 0.8008002699934877 0.9154659440391697 0.9735900269588456
evz 0.7660113680176437 0.7443500899826176 0.7091903149848804 0.7798578740330413 0.6883574689854868 0.7340675200102851 0.6743694370379671
dva 0.7646367119741626 1.625276975973975 0.9203385259606875 0.6959261709707789 0.7371735699707642 0.7350910730310716 0.651627756014932
-i+ 0.6982708460418507 0.7357822090270929 0.6579556809738278 0.6752830019686371 0.6594691619975492 0.5917719860444777 0.6299525780486874
=i5 0.705267173005268 0.6812980180257 0.6522993589751422 0.8176327660330571 0.7036140409763902 0.6680478630005382 0.7202521510189399
§io 0.8641340119647793 0.6534136330010369 0.681886100966949 0.704872821981553 0.6518560469849035 0.6295588590437546 0.6600540580111556
4i. 1.027515170047991 0.9088655560044572 1.0647847600048408 1.3035587029880844 0.7879027150338516 0.773774144006893 0.8768060239963233
4iu 0.8782430870342068 0.7349622350302525 0.869817005994264 0.6604110230109654 0.7050912100239657 0.7949960730038583 0.6458829290349968
li= 0.8468610339914449 0.7590051640290767 0.5938602740061469 0.704449248034507 0.6746137089794502 0.5997367529780604 0.8097431369824335
hi. 0.8402001810027286 0.6747568399878219 0.6912233969778754 0.7198065649718046 0.6453387520159595 0.7351610859623179 0.7221943810000084
li+ 0.6969538980047219 0.6398376150173135 0.6373362260055728 0.5702105450327508 0.5782814509584568 0.6160551009816118 0.5613617959897965
li6 0.8461432629846968 0.8167966660112143 0.7413414059556089 0.8174682600074448 0.6969703080249019 0.7957992940209806 0.891965032031294
oip 1.0805792969767936 0.825609560997691 0.8088782079867087 0.8239230230101384 0.8929490430164151 0.8550587539793923 0.8170442780246958
8dw 0.715623294992838 0.5828066550311632 0.5533699680236168 0.614300400018692 0.6654511040542275 0.7209657729836181 0.6328319170279428
9dq 0.8165637630154379 0.8679024510201998 0.8118253370048478 0.7713775390293449 1.0266167699592188 0.8452225429937243 0.724445985048078
sdv 0.559894562989939 0.6185246329987422 0.5878631430095993 0.5562433289596811 0.5081910779699683 0.49573118903208524 0.4794561460148543
wd2 1.2751196009921841 0.8972143559949473 0.8750472630490549 0.9194114650017582 0.8548199670040049 1.1690687569789588 0.9329679829534143
fd1 0.9060435720020905 0.83859531104099 0.8137148660025559 0.8207184950006194 0.8692388519993983 0.7701332730357535 1.1901792979915626
7dw 0.8002000480191782 0.6926756870234385 0.7879138989956118 0.687964050041046 0.7138069930369966 0.6427518610144034 0.6708781640045345
fdq 0.9529259980190545 0.86821584997233 0.9319385759881698 0.8712836939957924 0.860828970966395 0.7932411609799601 0.8429474839940667
xdb 0.8829937349655665 0.7413932910421863 0.680165069992654 0.6624786370084621 0.6572117879986763 0.6332013049977832 0.6340791120310314
wd9 0.951282239984721 0.9130822410224937 0.9147565799648874 0.9359534459654242 0.7702250280417502 0.8288994010072201 0.9040225149947219
adv 0.9014099469641224 0.9598945009638555 0.7893571329768747 0.7276501060114242 0.7270231040311046 0.8382289339788258 0.7547745180199854
,y= 0.6902548620128073 0.6221379130147398 0.5926798470318317 0.6572311240015551 0.5679725260124542 0.5789475520141423 0.6054169859853573
oy= 0.6210311300237663 0.5611201010178775 0.7796440679812804 0.5846851150272414 0.6441414200235158 0.6006006699753925 0.7277332270168699
py+ 0.7428047159919515 0.8165695950156078 0.6813598569715396 0.7119780500070192 0.6234614760032855 0.6297271650400944 0.6373382330057211
öyo 0.8937216670019552 0.727048700035084 0.7499675660510547 0.69771432003472 0.7159172079991549 0.6442656809813343 0.6293080920004286
+yk 0.6609130569850095 0.7047255910001695 0.7128761989879422 0.6079679609974846 0.615007076994516 0.6292679929756559 0.6730186819913797
,y+ 0.65131292399019 0.6970533490530215 0.6587908119545318 0.7051601230050437 0.7277275240048766 0.7050069000106305 0.6452905230107717
ky= 0.6817456689896062 0.6223565829568543 0.6439535690005869 0.660183377971407 0.6157464560237713 0.64582654600963 0.563008003984578
.y4 0.8629232450039126 1.1798981920001097 0.921697563957423 0.8238999309833162 0.8094480319996364 0.8097471840446815 0.8251032119733281
ky§ 0.6731826079776511 0.6751600839779712 0.7354804230271839 0.7643736960017122 0.60587921802653 0.6743978040176444 0.6591736829723231
iyo 0.7267456579720601 0.639028114033863 0.6516856060479768 0.6078200170304626 0.6895962440175936 0.7575811019632965 0.6300796539871953
wzd 1.017989455955103 0.9279777869815007 0.9525109159876592 0.8663244770141318 0.8946616619941778 0.9040288529940881 0.8838926139869727
gzd 0.7396157309995033 0.6989630070165731 0.8767098049866036 0.8047323600039817 0.7219512750161812 0.775980189035181 0.7959705680259503
rz8 0.7106220929999836 0.7135156260337681 0.6974793469998986 0.7460222840309143 0.731722864031326 0.6963982189772651 0.6643536679912359
dz9 0.8844271020498127 0.8281876720138825 0.6901487850118428 0.7777991240145639 0.682939600024838 0.8584007910103537 0.7441684600198641
xzr 1.0616433540126309 1.2714063269668259 1.0043956760200672 1.1019958989927545 0.9291140899877064 0.8100066080223769 0.9443043359788135
czs 1.16251897305483 0.9698317450238392 1.047348652034998 1.0618310800055042 0.926936834002845 0.979439776041545 0.9981671160203405
7zw 0.8831049700384028 0.8095496640307829 0.7972158039920032 0.7435429850011133 0.7607132939738221 0.7948803710169159 0.7378280109842308
rz7 0.6806494600023143 0.9101621370064095 0.7650040300213732 0.6774349549668841 0.699260255030822 0.6300247930339538 0.7183330110274255
7zg 0.7581302730250172 0.6131066160160117 0.5840980119537562 0.46205650200136006 0.537429001997225 0.5563366679707542 0.49486564099788666
xz8 0.8769545330433175 0.8951360899955034 0.8346429340308532 0.7328271759906784 0.7076613550307229 0.7907569599919952 0.7059119229670614
öno 0.712704062985722 0.7345211280044168 0.694628058001399 0.6985881849541329 0.6972637500148267 0.856065628991928 0.667804483033251
=nl 0.7418107080156915 0.6826012450037524 0.8018659840454347 0.8038371799630113 0.7581721339956857 1.004609182011336 0.7795516329933889
§nk 0.705411589005962 0.8625316810212098 0.6357421780121513 0.6527682489831932 0.6075902049778961 0.6225707910489291 0.5469112730352208
+nl 0.7212483410257846 0.7410406379494816 0.6597743429592811 0.6282642710139044 0.6531576529960148 0.5474380049854517 0.584879775007721
.n5 0.7282603760249913 0.8034996350179426 0.7709771030349657 0.8313635800150223 0.7573437520186417 0.7116513319779187 0.7503982129856013
lnp 0.9962349400157109 1.0053804729832336 0.8250810619792901 0.7410275500151329 0.9076231829822063 1.0342377840424888 1.1183066319790669
+np 0.8629006950068288 0.8186490189982578 0.7349709059926681 0.7560706890071742 0.7049077569972724 0.7272725270013325 0.6669097190024331
.n, 0.7200064939679578 0.6821099570370279 0.6438927999697626 0.6668072519823909 0.7043679800117388 0.6886951730120927 0.7197028819937259
öni 0.7208447320153937 0.6600489590200596 0.6515973060159013 0.6683218600228429 0.6314961579628289 0.6601792270084843 0.6976643169764429
§ni 0.6966427090228535 0.630139428016264 0.659635983989574 0.6448588369530626 0.5996002739993855 0.5700669509824365 0.6006362190237269
f8s 0.7168897069641389 1.0881347469985485 0.7993186300154775 0.9585704830242321 0.8105900179944001 0.889248906983994 1.040057945996523
f82 0.8626703189802356 0.8688979250146076 0.9065269029815681 0.8124998330022208 0.8504922140273266 0.8851725929998793 0.8434823129791766
z8w 1.045993103994988 0.7689978900016285 0.8341498319641687 0.838389664015267 0.8297957630129531 0.7758070920244791 0.7316812900244258
x8z 0.8100565460044891 0.7979715730180033 0.7359649240388535 0.7237219220260158 0.7169374049990438 0.8890738979680464 0.737054344965145
18e 0.7609768830006942 0.7478120930027217 0.7335385339683853 0.7405261700041592 0.7090009130188264 0.7258876270498149 0.6819734569871798
z8e 0.6593183199875057 0.7110950649948791 0.6657447289908305 0.7111259860103019 0.8287062859744765 0.6673560049966909 0.6472462120000273
s8a 0.8440342369722202 0.7686556100379676 0.8371618789969943 0.8767910010064952 0.9237852359656245 0.7453685810323805 0.6849805670208298
s81 0.8187791350064799 0.7451380859711207 0.8214838239946403 0.7229625979671255 0.7246864580083638 0.6909641939564608 0.719574625021778
w8z 0.863850547990296 0.6850032790098339 0.689817028993275 0.6414951250189915 0.6840437140199356 0.6572804230381735 0.6628806829685345
d8s 0.8098544080276042 0.7212216110201553 0.647041057003662 0.7020124709815718 0.7202947700279765 0.7356096809962764 0.5933622680022381
i§4 0.7874837939743884 0.8099252750398591 0.8029458859818988 0.7347003259928897 0.7053919060272165 0.6966390460147522 0.6532522670459002
l§5 0.7355690629919991 0.5695278069470078 0.6375454380176961 0.6298554860404693 0.7647522620391101 0.6665491519961506 0.6366149079985917
l§u 0.8167177809518762 0.629505479009822 0.6451281619956717 0.607991460012272 0.5999322709976695 0.6360917809652165 0.681726450973656
k§j 0.7262070570141077 0.7121782299946062 0.7115852419519797 0.6966506179887801 0.7273476520203985 0.7137180959689431 0.8775174409965985
n§k 1.019740483025089 0.7569686790229753 0.7273308910080232 0.868879688961897 0.6604824439855292 0.7257436480140314 0.8249410910066217
l§, 0.8328806899953634 0.8477945940103382 0.8849670190247707 0.7407164179603569 0.6681336679612286 0.6533161060069688 0.6375899679842405
m§6 0.7641344839939848 0.6902874629595317 0.7708310869638808 0.6764971599914134 0.6965486489934847 0.6771237110369839 0.6289718470070511
.§i 0.6905239239567891 0.674192282021977 0.667216414003633 0.6451244300114922 0.6302528950036503 0.6155925010098144 0.6306588970473967
ö§l 0.7282491510268301 0.6534716809983365 0.6139114269753918 0.6679374799714424 0.8483399010146968 0.6980975460028276 0.629579498025123
h§5 0.68376971303951 0.6726185089792125 0.7671970910159871 0.6810591190005653 0.6300149490125477 0.6295825960114598 0.6076807740028016
8r1 0.6680477479822002 0.5405528029659763 0.5441213409649208 0.49667794996639714 0.4887313719955273 0.5418013230082579 0.6457784819649532
er8 0.6680034680175595 0.5442493649898097 0.6252658900339156 0.540310212993063 0.5751558159827255 0.5205822979914956 0.6107098790234886
wr1 0.7078507299884222 0.8447630280279554 0.7022305880091153 0.7591476289671846 0.7060955390334129 0.6036476430017501 0.7100127940066159
7re 0.591541372006759 0.5255513080046512 0.5312322149984539 0.4345286209718324 0.47054465202381834 0.44929480098653585 0.5050215490045957
sr1 0.7473858239827678 0.8599565700278617 0.8639897259999998 0.6588800969766453 0.7019969169632532 0.7176372610265389 0.759858162025921
erz 0.8161718120099977 0.8678834110032767 0.7108411259832792 0.672167505021207 0.6814606729894876 0.5974292800528929 0.7291841590194963
8r2 0.7288045609602705 0.6279195169918239 0.5295442980132066 0.5581242110347375 0.5556946079595946 0.5239915119600482 0.4891785540385172
drw 0.7185055250301957 0.6507148039527237 0.7241530860192142 0.7315819290233776 0.839283182984218 0.7908556049806066 0.6625395939918235
7rc 0.6821950650191866 0.6196448890259489 0.5689261949737556 0.5434851630125195 0.5611691620433703 0.5858646819833666 0.5810327159706503
7rz 0.5933905509882607 0.534760823007673 0.515148322971072 0.4913932189811021 0.5074035869911313 0.56404476496391 0.49039401701884344
§o6 0.6366404270520434 0.6230701869935729 0.6301695220172405 0.7796710140537471 0.6968686960171908 0.6303571980097331 0.6450681650312617
,o5 0.8024231230374426 0.8616472919820808 0.7722780969925225 0.7436482890043408 0.7575924440170638 0.7411984820500948 0.8328905460075475
jo6 0.8328645000001416 0.8624569509993307 0.7415920000057667 0.7864405710133724 0.8525136489770375 0.7567157890298404 0.7949399809585884
noö 0.7714164460194297 0.6735892790020443 0.7502584210014902 0.7269189090002328 0.7365254369797185 0.6760025630355813 0.6602581780171022
no= 0.8634446549694985 0.7792282130103558 0.7664770219707862 0.6918301840196364 0.8695247810101137 0.6145159800071269 0.644769380975049
no, 0.7337526580085978 0.7863932279869914 0.6899677430046722 0.6675160659942776 0.6977510190336034 0.7444096289691515 0.6668663719901815
+oö 0.7579354040208273 0.7716870910371654 0.5868310609948821 0.614499262010213 0.6593848339980468 0.7120910130324773 0.6376132139703259
öo, 0.8854645469691604 0.788711459026672 0.8548603050294332 0.8779523620032705 1.2081139800138772 0.7279933950048871 0.7809018009575084
4o+ 1.1991078769788146 1.0038038580096327 0.8541582630132325 0.794697567995172 0.8852504739770666 0.9152530709980056 0.9155495690065436
ko- 0.8470372270094231 0.8617202439927496 0.8166907720151357 0.7902063800138421 0.8337556309998035 0.8015324860461988 0.8092850380344316
agd 0.8738351769861765 0.8017334110336378 0.8320332110160962 1.1402649960364215 1.1362610789947212 0.8904524219688028 0.8930287740076892
dg9 1.0556049669976346 0.7651444539660588 0.8317283539799973 0.8635065539856441 0.7118577980436385 0.8231282699853182 0.7258641699445434
wg2 0.837608308007475 0.7487721539800987 0.7289090240374207 0.6995020940084942 0.660528203996364 0.6822416560025886 0.6721838010125794
sgz 0.6440281930263154 0.6519195280270651 0.6832439730060287 0.7101996219716966 0.7417349389870651 0.6777150459820405 0.7476595029584132
qgd 0.8277257300214842 0.92878296301933 0.7913392559858039 0.8312151309801266 0.7499654359999113 0.8111633150256239 0.8488246109918691
ags 0.7365061710006557 0.7040283450041898 0.6523263929993846 0.6181008630082943 0.7608293030061759 0.6884584550280124 0.9275198599789292
8gs 0.6798662359942682 0.6255822140374221 0.617624334001448 0.7007547620451078 1.0011938660172746 0.6264390489668585 0.5802102949819528
7g3 0.6779756549512967 0.5625588619732298 0.6951702369842678 0.5412431640434079 0.5502336740028113 0.5460128499544226 0.6338278529583476
zgw 0.8121122430311516 0.7680566349881701 0.6705881969537586 0.7032892309944145 0.7751157080056146 0.6826750590116717 0.6469859349890612
cgs 0.7597255910513923 0.7635258969967254 0.8195612230338156 0.7485586559632793 0.7758323749876581 0.7053008159855381 0.7049667540122755
k+h 0.7341003189794719 0.8703938530525193 0.6126015029731207 0.6008369430201128 0.6761399750248529 0.6974729010253213 0.6268164640059695
.+- 0.7360339190345258 0.6971447590040043 0.6980192339979112 0.6594331209780648 0.69691622199025 0.8334060609922744 0.7268293369561434
j+i 0.6517509850091301 0.5848877310054377 0.6384492299985141 0.6602305859560147 0.6207105329958722 0.6154316519969143 0.7045180900022388
6+y 0.6523677670047618 0.6300767670036294 0.6667025399510749 0.6970933999982662 0.713295814988669 0.6896636650199071 0.8693315830314532
4+k 0.9457716339966282 0.8015691000036895 0.8253354769549333 0.8390978859970346 0.7882400279631838 0.7947775850188918 0.7662303950055502
-+y 0.7508677740115672 0.6526029919623397 0.615105516044423 0.6138418969931081 0.6459593680338003 0.5786789639969356 0.5773789960076101
5+l 0.8694550319924019 0.6527323559857905 0.6603486560052261 0.6139745010295883 0.6596533049596474 0.6150508109712973 0.7278021069942042
k+6 0.697344932006672 0.809937383979559 0.71997882402502 0.6444732830277644 0.7440121340332553 0.68276643299032 0.7059879500302486
p+o 0.8626702289911918 3.187552897958085 0.9385675709927455 0.7053094420116395 0.7133347330382094 0.7190692519652657 0.6980315470136702
,+6 1.0879060580045916 0.8248394840047695 0.7037903669988737 0.9145981620531529 0.7833257809979841 0.9368033180362545 0.704533270036336
ds9 0.6817153980373405 0.7204928629798815 0.6836647029849701 0.6588981589884497 0.6325807810062543 0.6233246409683488 0.6319003259995952
8sd 0.8081053129862994 0.8455101450090297 0.8980005200137384 0.7940167270135134 0.8461833760375157 0.6286059189587831 0.8142617010162212
3sc 0.9158268330502324 0.811576979001984 0.9584351680241525 0.9415423889877275 0.8196056690067053 0.8070353849907406 0.7795393349952064
dsf 1.0930429350119084 1.005274013034068 0.9241816140129231 0.6987440789816901 0.7547260980354622 0.7338375080144033 0.7061499819974415
8sg 0.7048826130339876 0.6236631329520606 0.6009160809917375 0.5348683299962431 0.5609287970000878 0.5050661429995671 0.5617683930322528
9sr 0.8168778419494629 0.5891196290031075 0.5309131789836101 0.5691851680167019 0.5889199579833075 0.6968975189956836 0.6143304079887457
1st 0.7303244840004481 0.8153908289968967 0.7321232999674976 0.7650344760040753 0.7421370520023629 0.7115005159866996 0.7450947790057398
9s1 0.872631578007713 0.9302270889747888 0.8797865979722701 0.8533939499757253 0.7672403900069185 0.8590493489755318 0.759714774962049
ts8 0.8483809030149132 0.6715284890378825 0.6080840350477956 0.682996952033136 0.6621022970066406 0.6141700579901226 0.5963975920458324
csr 0.9327904329984449 0.7027664760244079 0.6545973549946211 0.6393436850048602 0.6142926359898411 0.631449363019783 0.6686228570179082
i4n 0.7262802880140953 0.7205090529751033 0.6310950580518693 0.6385586450342089 0.7436763939913362 1.2982281819568016 0.7504269450437278
=4o 1.0051801219815388 0.9674913450144231 0.884510099014733 0.7042999900295399 0.6979210599674843 0.6745946599985473 0.6582803150522523
i4h 0.6679230859735981 0.6818005269742571 0.6749194750445895 0.6144317939761095 0.6059364470420405 0.608073869952932 0.6239770450047217
h4§ 0.6748563860310242 0.6078799369861372 0.7118431720300578 0.7059843559982255 0.6463018060312606 0.7203903539921157 0.6664136470062658
m4, 0.8991398590151221 0.7565198980155401 0.7121702210279182 0.710730810998939 0.7278282060287893 0.6982683180249296 0.7112326759961434
l4= 0.7957620570086874 0.8620356290484779 0.719304952013772 0.8782658620039001 0.7149206870235503 0.741931505035609 0.7051310890237801
m4i 1.1331685269833542 0.6759555409662426 0.6470169479725882 0.7282120690215379 0.65943367901491 0.6508928170078434 0.639776311989408
l4, 1.0356462309719063 0.9514757390134037 0.7508632799726911 0.848080672963988 0.7882491329801269 0.8852497540065087 0.8763930660206825
.4= 0.8466797400033101 0.8406184689956717 0.8246675829868764 0.7888059790129773 0.7344906170037575 0.8388349700253457 0.6597994240000844
i4= 0.6827611929620616 0.6516594319837168 0.6689548580325209 0.6454349950072356 0.6598545860033482 0.6457339139888063 0.6659771880367771
s38 0.6128568340209313 0.6733000699896365 0.6422997359768488 0.6577599809970707 0.6160013769986108 0.6667143170488998 0.823333851993084
s3d 1.858789511024952 1.0109850359731354 0.8986756399972364 0.8721395779866725 0.8766795269912109 0.8516825079568662 0.8483931329683401
e3x 0.9580761280376464 1.137120536994189 0.9438496399670839 0.843885753012728 0.958890990994405 0.8247256649774499 0.8782703200122342
w3e 1.0395191960269585 0.7976349219679832 0.8301173879881389 0.8111776779987849 0.8251163740060292 0.8374545139959082 0.8476846150006168
e3g 0.8869901239522733 0.597712832968682 0.674021101964172 0.5674265659763478 0.5937143689952791 0.5692660849890672 0.6974506479455158
r37 0.7939885620144196 0.6013373039895669 0.6501179419574328 0.6621749249752611 0.6298710940172896 0.6998474890133366 0.6275130980066024
t3s 0.8024352809879929 0.8973425730364397 0.866388204973191 0.8450628390419297 0.8090633829706348 0.8395135499886237 0.8199059019680135
93d 0.7275192649685778 0.748828248004429 0.6386599869583733 0.6191254139994271 0.6982256369665265 0.7305854230071418 0.6900090800481848
r3w 0.8537643579766154 0.7778474039514549 0.7874871729873121 0.7999259000062011 0.7660161170060746 0.8203659789869562 0.7907660359633155
93w 0.486855516966898 0.6230066179996356 0.5567263959674165 0.5784427869948559 0.5509638630319387 0.5533569169929251 0.6458909760112874
=pj 0.699067316018045 1.1399781820364296 0.9227436149958521 1.019324795983266 0.9604212109697983 0.8847499410039745 0.7789540069643408
ipy 0.736115524021443 0.6977729820064269 0.6385423599858768 0.682184099976439 0.666782170010265 0.7651871279813349 0.7735011670156382
opk 1.3045890869689174 0.8540579780237749 0.9360184690449387 1.1719625660334714 0.9668661750038154 0.8992723789997399 0.9143460150226019
.p, 0.8859893780318089 0.8230286849429831 0.8546079440275207 0.8475615400238894 0.839929093956016 0.9310894490336068 0.9147698039887473
§ph 0.7727171879960224 0.645679636974819 0.7117340129916556 0.6157887910376303 0.545176646031905 0.9159489080193453 0.5709797070012428
§p. 0.8552012940053828 0.6950680069858208 0.8176977359689772 0.7175633399747312 0.7348911670269445 0.8551956380251795 0.742630465014372
op, 0.8394710310385562 0.7565705199958757 0.8616562999668531 0.8476947559975088 0.8090006110141985 0.826448748994153 0.7652405709959567
.pk 2.3182334729935974 0.9217440609936602 1.043822130013723 0.9283052749815397 0.8921648109680973 0.966843785950914 0.9214904690161347
=pi 0.7563934769714251 0.6216104119666852 0.6281283610151149 0.6304222120088525 0.6444259790005162 0.7200270610046573 0.6988220039638691
,py 0.7051273299730383 0.6672434759675525 0.7800998940365389 0.8026895499788225 0.6917039330000989 0.6967327650054358 0.7353372999932617
eqw 0.8628912710119039 0.8068865290260874 0.888485819043126 0.7858496560365893 0.7852362649864517 0.7212790170451626 0.7468429300352
7qs 0.8011207969975658 0.7204201089916751 0.8699397490127012 0.8652482170145959 0.909510675992351 1.197301919979509 1.0276046569924802
xqd 0.9174251169897616 0.8995064779883251 0.9463859610259533 0.9531412330106832 1.0527984509826638 0.8956147289718501 1.0866975270328112
sqg 0.8058970780111849 0.8179746270179749 0.6930149340187199 0.7222789149964228 0.7402824960299768 0.7781302510411479 0.7652423810213804
dqr 1.2752613910124637 0.8461827489663847 0.7983706700033508 0.8113455279963091 0.6860105469822884 0.7541400049813092 0.6933624719968066
xq7 0.9548837229958735 0.8245220410171896 0.8158891210332513 0.7103119100211188 1.6056660349713638 0.7127100230427459 0.7011909309658222
gqs 0.7684134200098924 0.7893307199701667 0.661052186973393 0.8146819889661856 0.7768521209945902 0.7346569609944709 0.726644300040789
dqx 0.969131521997042 0.9609819059842266 0.893654991989024 0.843902722990606 0.8803717749542557 0.8470967399771325 1.5041164869908243
tqs 0.9652442240039818 1.0416860060067847 0.8179816129850224 0.9984995070262812 0.7766361550311558 0.7748766739969142 0.6999966010334902
dq9 0.7178915949771181 0.7376312360283919 0.8209420609637164 0.7263575789984316 0.7793282799539156 1.0920138009823859 0.713472975010518
4hl 0.638854164048098 0.6824278330313973 0.6754987160093151 0.7277845289791003 0.6982845090096816 0.7280284999869764 0.6599311660393141
§ho 0.6452905280166306 0.5630491329939105 0.6000476829940453 0.44245699798921123 0.5092112279962748 0.5326190009946004 0.5382940279669128
ohi 0.6215905459830537 0.6442023700219579 0.6149025250342675 0.6384239289909601 0.5999997559702024 0.6058281660079956 0.682760622992646
oh4 0.6367967650294304 0.6687609349610284 0.6603412270196714 0.6617313069873489 0.6830648350296542 0.8859556999523193 0.6823791549541056
öh§ 0.6369445250020362 0.6156796700088307 0.7033122820430435 0.5854575300472789 0.5698560199816711 0.5018935169791803 0.5179067719727755
§hk 0.585196970961988 0.599350480013527 0.5393224030267447 0.5178500859765336 0.4873412530287169 0.5183693959843367 0.621700159041211
ih§ 0.5627360260114074 0.6321817270363681 0.5475381599972025 0.7354049400310032 0.5911163419950753 0.7202143159811385 0.6218570219934918
=hi 0.5547438330249861 0.5339843870024197 0.5621336929616518 0.5547471570316702 0.5710634450078942 0.5319597920170054 0.6147879459895194
oh5 0.6606897419551387 0.6514624550472945 0.6446573729626834 0.6427673909929581 0.6815407120157033 0.6156492740265094 0.6248726870398968
,h+ 0.5402857449953444 0.538278361025732 0.5782552910386585 0.5174411850166507 0.5249581059906632 0.4732270810054615 0.5030519179999828
9f1 0.6971294329850934 0.6150212249485776 0.6360154630383477 0.5659032839466818 0.5815379120176658 0.5963694030069746 0.6343081400264055
efx 0.7087392209796235 0.7073787059634924 0.6700639299815521 0.6446597320027649 0.6753008009982295 0.6277153260307387 0.7617864249623381
8fw 0.6310372139560059 0.5538737659808248 0.601271286024712 0.5921617550193332 0.6186392920208164 0.584935253020376 0.6975140160066076
cfw 0.7554565909667872 0.6685135749867186 0.8693496559862979 0.7427813740214333 0.701991964946501 0.9737037659506314 0.7006829020101577
7fx 0.786551380995661 0.7697648359462619 0.7712576469639316 0.7057506950222887 0.6751516259973869 0.6197840890381485 0.6662401470239274
7fd 0.8050305189681239 0.628551528963726 0.5531265060417354 0.6830722970189527 0.6439951240317896 0.5756005959701724 0.5872577860136516
zfw 0.694403319968842 0.66023523703916 0.6356688019586727 0.6288561320398003 1.285019711998757 0.7341682990081608 0.7426644539809786
9fs 1.0227180650108494 0.6467849589535035 0.7758105300017633 0.5897126239724457 0.5612506410107017 0.5942640290013514 0.5813488279818557
8f1 0.6302331920014694 0.6206476270454004 0.6715563139878213 0.6242605310399085 0.5620120240491815 0.5422807899885811 0.5557765530538745
wf9 0.6029266469995491 0.5098911040113308 0.4921037299791351 0.48180612799478695 0.5917076130281202 0.9012510729953647 0.5684239440015517
+öy 0.5850965910358354 0.5866256920271553 0.6306800780002959 0.5095636670012027 0.5559567849850282 0.4714282770291902 0.7042486210120842
oöm 0.6302874049870297 0.6294469279819168 0.636021452024579 0.6148828769801185 1.3045532570104115 0.9152232860215008 0.6833565609995276
uöi 3.839749937003944 0.7487464940058999 0.7264315719949082 0.795927845989354 0.6518794570001774 0.6525906220194884 0.6887735679629259
lök 1.2143055939814076 2.833273708994966 1.0119060500292107 0.8924139710143209 0.9143644000287168 1.0579137050081044 0.7570276210317388
kö+ 1.0196339989779517 0.8848335839575157 0.6607145270099863 0.9404303549672477 0.6817406020127237 0.7273718980140984 0.624384154973086
nö+ 0.6838479020516388 0.7712368849897757 0.7807511150022037 0.6455992899718694 0.6252689370303415 0.6004981040023267 0.6242823360371403
+öl 0.5621399270021357 0.4643263820325956 0.5615796540514566 0.5542658470221795 0.5422087439801544 0.5469406869960949 0.6961750109912828
iö= 0.7277693960350007 0.7108793530496769 0.6080385710229166 0.5767061489750631 0.5634057510178536 0.5693921319907531 0.5760229549487121
lö+ 0.7270928489742801 1.0114902450004593 0.7944342090049759 0.6230220469878986 1.3656403420027345 0.6063211139990017 0.6443087839870714
.öi 0.8475321470177732 0.7126904919859953 1.4167827239725739 0.719918216986116 0.7881594930076972 0.8626317600137554 0.7731672360096127
9c2 0.7451346120215021 0.7863671749946661 0.5156052679521963 0.637613422004506 0.7635347939794883 0.5865528240101412 0.564847846981138
3c7 0.9866968260030262 0.7813270880142227 0.7740183059941046 0.717362588038668 0.7135686929686926 0.7667910730233416 0.6939646050450392
acs 1.0810554969939403 0.9464963030186482 1.3116481839679182 0.9539746969821863 0.8951527600293048 1.0973155670217238 1.01287856901763
bc9 0.939332785026636 0.7951073079602793 0.7141269979765639 0.7031889670179226 0.7368159290053882 0.753400240035262 0.7280989320133813
tc9 0.9676972879678942 0.6482287970138714 0.6563934750156477 0.7267381929559633 0.8947251460049301 0.7310462630121037 0.7800256690243259
bcs 0.8406796540366486 0.8639046389725991 1.0526092759682797 0.8489802940166555 0.8474996470031328 0.8659461030038074 0.8314771000295877
1cv 0.9119888609857298 0.8375987449544482 0.8166894090245478 1.0731554650119506 0.9098126019816846 0.9004381959675811 0.8404673830373213
bc8 0.9916007629944943 0.7577311210334301 0.7932195579633117 0.7202497000107542 0.6810697640175931 0.6683977110078558 0.7828026339993812
rcs 1.11550585902296 0.8991285979864188 0.858762810996268 0.7550972399767488 0.8079965990036726 0.7926220090012066 0.7581950169987977
9cb 0.8871533859637566 0.7913177180453204 0.6840900129755028 0.8698223819956183 0.7199896090314724 0.6371121580014005 0.6531983879976906
+-i 0.780340768978931 0.7334399310057051 0.6961917630396783 0.6068628609646112 0.5934902819572017 0.555556887993589 0.5314167920150794
§-, 0.982870057981927 0.7722536619985476 0.7051687400089577 0.7569610930513591 0.6442629609955475 0.8022176380036399 0.6368708939990029
n-= 0.6964810490026139 0.6313581930007786 0.6073191139730625 0.63016380101908 0.5999077730230056 0.8613494950113818 0.8182933820062317
.-u 0.9373564979759976 0.7719300449825823 1.0199096580035985 0.8463157630176283 0.9972412849892862 0.9384378700051457 0.9510547040263191
l-§ 0.7726742380182259 0.8183389249606989 0.7497009289800189 0.7193363149999641 0.7574076980235986 0.9521789700374939 0.8467278040479869
,-. 1.5075834169983864 1.2212552899727598 1.109506684995722 0.8538024890003726 0.7941759519744664 0.7348249849746935 0.7492441899958067
+-l 0.750667939952109 0.7056309639592655 0.7048245359910652 0.6154868609737605 0.7118274319800548 0.6753479880280793 0.7040696159820072
§-n 0.5467655450338498 0.6230125470319763 0.5613764930167235 0.8625663380371407 0.6449586319504306 0.681527114007622 0.7651385489734821
k-h 0.7873368930304423 0.8767017379868776 0.7125111350324005 0.6593966769869439 0.7405187860131264 0.7635457760188729 0.808662549010478
.-§ 0.9005337950075045 0.8317502560093999 0.7688260509748943 0.7219361030147411 0.6751234449911863 0.6670320039847866 0.622395462996792
19r 0.8691453830106184 0.7135615610168315 0.7606358859920874 0.7472684200038202 0.6864787930389866 0.7221266989945434 0.7017178740352392
c9x 0.7086203880026005 0.7261891309753992 0.7751137430313975 0.7251926570315845 0.6533423239598051 0.669589655008167 0.6105560529977083
39s 0.8905863770050928 0.7590695439721458 0.8090719989850186 0.678577832004521 0.7151244980050251 0.6305128230014816 0.6501061469898559
w9q 1.1022639099974185 0.8712408230057918 0.7960280199768022 0.7269564709858969 0.8644905780092813 0.8137518879957497 0.7601209320127964
d9f 0.8903043710161 0.9337618690333329 0.9245436170022003 0.8826760349911638 0.8851391749922186 0.8310729230288416 0.6860778600093909
39x 0.9137801469769329 0.8560993419960141 0.8567478209733963 0.6485887949820608 0.7291118839639239 0.6885855539585464 0.6680152540211566
d9w 0.8033757010125555 0.7093567660194822 0.8807272100239061 0.7346452240017243 0.7114240830414928 0.6932218599831685 1.8945161949959584
s9d 0.8746506689931266 0.8024240249651484 0.8298477799980901 0.8360125670442358 0.7797260110382922 0.7318352059810422 0.8431663659866899
x9z 0.9560466209659353 0.7583289020112716 0.7759729360113852 0.9111602390184999 0.8084878569934517 0.6875922250328586 0.8762479810393415
v9s 0.7506045610061847 0.742378850991372 0.7124339279835112 0.9348000999889337 0.808331985026598 0.7230680990032852 0.9816579479956999
m5+ 0.6820514510036446 0.6066137960297056 0.5768906730227172 0.5635792259708978 0.5285610160208307 0.48848288401495665 0.5107476489502005
o5n 0.7346633619745262 0.9068942650337704 0.6907832369906828 0.7501247979816981 0.681396183965262 0.7497007380006835 0.6902798239607364
=5. 0.6741654900251888 0.6151578659773804 0.6683491439907812 0.5990989410202019 0.6895160300191492 0.5995236650342122 0.6455329660093412
+5j 0.5168542919564061 0.5331672870088369 0.540754162997473 0.5395469829672948 0.6661214819760062 0.5999297219677828 0.5620506929699332
.5k 0.9215684839873575 0.8325161579996347 0.9517342579783872 0.9749631130252965 0.8770973419887014 1.1407113599707372 0.959404337045271
k5= 0.9313582860049792 0.9149626420112327 0.7871835720143281 0.7271003790083341 0.6981979210395366 0.7196677320171148 0.6525335870101117
k5. 0.788140463992022 0.9983579380204901 0.8036892330273986 0.7305156729998998 0.71130294498289 0.7420954399858601 0.7192886840202846
§5u 0.727488054020796 0.5326622810098343 0.5624503690050915 0.5160902729840018 0.5465093170059845 0.5398506210185587 0.6053736970061436
k5o 0.8252604539738968 0.9152421620092355 0.7268121970118955 0.6824268210330047 0.6596357410307974 0.6828557039843872 0.6892029550508596
i5. 0.6668746349751018 0.704845140047837 0.7045192189980298 0.6897562889498658 0.6674401570344344 0.6307162780431099 0.6477530639967881
ew8 0.8651047630119137 0.62285157100996 0.6142690289998427 0.7342406279640272 0.9280053769471124 0.5565112019539811 0.5492695710272528
3w9 0.6154326010146178 0.6275666220462881 0.659639377030544 0.6277358999941498 0.5803441909956746 0.5159707429702394 0.5664002970443107
2wc 1.1865629599778913 0.7852185469819233 0.8984210299677216 0.8247728779679164 0.7205546159530059 0.7851468250155449 0.6871383960242383
8wt 0.5660114759812132 0.49728238297393546 0.48696300998562947 0.4552965890034102 0.43785063800169155 0.42848136997781694 0.4360889120143838
gwe 0.6781739270081744 0.6732171600451693 0.6940072469878942 0.605774299998302 0.5803596769692376 0.6398846840020269 0.7416935840155929
9wg 0.5966431939741597 0.6812270429800265 0.6123943880083971 0.6554504920495674 0.5929487510002218 0.5609713440062478 0.5857567379716784
twe 0.7380179010215215 0.7938621949870139 0.7330047449795529 0.674365081009455 0.6724644390051253 1.0718837269814685 3.2121890819980763
dwz 0.7810538289486431 0.7396700520184822 0.7809120949823409 0.7389522040029988 0.7209305579890497 0.7453983669984154 0.7227207190007903
9wd 0.6903072510031052 1.002306298003532 0.8819473530165851 0.6945471499930136 0.739133208990097 0.7621601879945956 0.8481410880340263
rwc 0.8541800460079685 0.8092833610135131 0.6829265069682151 0.8439049319713376 0.7318280890467577 0.671228974009864 0.7419664830085821
-,o 0.801473144965712 0.7132867189939134 0.9299012709525414 0.8468318959930912 0.7947028710041195 0.8252460200455971 0.6847234209999442
l,j 0.7571432479890063 0.5245683779940009 0.674330118985381 0.4276725249947049 0.5688252259860747 0.4411805190029554 0.40484116098377854
=,6 0.6588953669997863 0.7194440189632587 0.6814220150117762 0.6371812740107998 0.6682101000333205 0.636285852000583 0.5989839599933475
y,+ 0.7188562509836629 0.539806023996789 0.5767052290029824 0.5549972360022366 0.5910575949819759 0.7339966099825688 0.6509668719954789
+,n 0.6154678859747946 0.6995600069640204 0.683472056989558 0.6536515740444884 0.7716580289998092 0.5171193080022931 0.5999247339786962
5,o 0.7784160649753176 0.6512844450189732 0.7347112820134498 0.7115562470280565 0.9445747819845565 1.1125232219928876 0.8483271320001222
+,l 0.6631138389930129 0.5480968200135976 0.6156138440128416 0.6061025889939629 0.5538648740039207 0.5471453180070966 0.5475946260266937
l,= 0.5243708200287074 0.5171176490257494 0.5852641600067727 0.5258001050096937 0.547147678968031 0.5395510350354016 0.4942650109878741
o,- 0.8771237170440145 0.80924602097366 0.8013298200094141 0.8093929759925231 0.7497086710063741 0.7188494090223685 0.7118972289608791
h,4 0.7330302580376156 0.9745320520014502 0.6899293159949593 0.7062329410109669 0.7119680349715054 0.733171762956772 0.7338935079751536
e1w 0.807948884961661 0.7839647100190632 0.688718210963998 0.7338144019595347 0.8985937730176374 0.7995320390327834 0.7636373330024071
r1s 0.7878693660022691 0.6992543200030923 0.6549835390178487 0.7224241470103152 0.6787426989758387 0.650014103972353 0.6197500820271671
s1f 0.9303008529823273 0.7192090380121954 0.8057272069854662 0.7771657190169208 0.8593440669937991 0.8672896439675242 0.8698546559899114
e1s 0.8044073449564166 0.7971893899957649 0.7445748600293882 0.8171100299805403 0.7616908500203863 0.753149749012664 0.8659497030312195
e1x 0.8188402650412172 0.8375382149824873 0.7643317860201932 0.9045594520284794 0.7886643040110357 0.8949292079778388 0.9529850269900635
g17 0.6850505199981853 0.6747526709805243 0.7474183560116217 0.8191470570163801 0.6863596749608405 0.7084540779469535 0.6569172799936496
x18 1.012991936004255 0.8868297029985115 0.9822201839997433 0.7272912639891729 0.7868024799972773 0.8473914210335352 0.7832406440284103
t1c 0.8499474200070836 0.7467610359890386 1.1439213450066745 0.8663550780038349 0.799116616952233 0.8042229010025039 0.7594222840270959
r1e 0.6811989010311663 0.719931562023703 0.6891167240100913 0.7541559959645383 0.86539318197174 0.673839757044334 0.6568825810099952
91x 0.8023939090198837 0.814003297011368 0.7139375460101292 0.6819218550226651 0.794077024969738 0.6416590720182285 0.8221863000071608
iu= 0.5466237270156853 0.6150825680233538 0.526040316966828 0.5772861139848828 0.6977977670030668 0.6065738699981011 0.4648428870132193
ou= 0.5087933369795792 0.524638221017085 0.5250151309883222 0.5305377839831635 0.45701439201366156 0.5392105130013078 0.5093425319646485
§u4 0.6053104979800992 0.5473313989932649 0.5096818630117923 0.5843451289692894 1.4845577380037867 0.4287753319949843 0.44978967297356576
§uo 0.4941059379489161 0.5698311799787916 0.532244574977085 0.44101261300966144 0.45625514298444614 0.4211882689851336 0.44318074302282184
lu= 0.5700957030057907 0.5263150140526704 0.5099912160076201 0.4794536209665239 0.6442956470418721 0.509239588980563 0.5032916209893301
öu+ 0.7718847569776699 0.7613602259662002 0.4955948920105584 0.5029704839689657 0.5014451739843935 0.4897413550061174 0.4945755979861133
öu§ 0.5208048910135403 0.5567812040098943 0.5104801329434849 0.5257900879951194 0.47103327000513673 0.5147256230120547 0.5469262289698236
=uk 0.5772764990106225 0.6453599859960377 0.6079688990139402 0.675260656978935 0.6076294879894704 0.615232259966433 0.748909640009515
,ul 0.5928054429823533 0.6377909419825301 0.6749607810052112 0.6090445549925789 0.7051705030025914 0.7637490250053816 0.7560825630207546
iuo 0.6740674389875494 0.6139104929752648 0.59964156197384 0.5110789219615981 0.6522515390533954 0.609033516026102 0.6533155950019136
sbd 0.9630201910040341 0.8563932810211554 0.8002044630120508 0.887686467031017 0.8366220170282759 0.721170162956696 0.8109607259975746
abc 0.8038569949567318 0.7293836119933985 0.7359532420523465 0.7725994309876114 0.7175840740092099 0.8339509160141461 0.8371311650262214
cbz 0.9958190449979156 0.7539806520217098 0.6770214759744704 0.7367038869997486 0.683553759008646 0.8349586880067363 0.7223566679749638
zb7 0.9640874239848927 0.8554128109826706 0.9069075169973075 0.8882839779835194 0.8312944259960204 0.782868284964934 0.804955686966423
eba 1.2841399569879286 0.8853573210071772 1.0073558560106903 0.8006585179828107 0.7094987569726072 0.6869543659850024 0.6458585090003908
xb3 0.7823473560274579 0.7777814349974506 0.7776262009865604 0.7735099099809304 0.8178616189979948 0.7578036349732429 0.8763400519965217
9b3 0.7627599409897812 0.7702499940060079 0.6569873539847322 0.6389784879866056 0.6063416600227356 0.7491401180159301 0.7846907839993946
7bd 0.8008691410068423 0.6824229650082998 0.7168550500064157 0.771420945005957 0.7499709250405431 1.0510658479761332 0.6946485429652967
wba 0.9664174559875391 0.81885489996057 0.8945945770246908 0.7861876539536752 0.7069414819707163 0.7067120540305041 0.7231471220147796
3bx 0.7696130239637569 0.7995479250093922 0.8037007609964348 0.7586647650459781 0.8096084629651159 0.7561692139715888 0.7779184500104748
oj- 0.6974200220429339 0.6452130429679528 0.6653717830195092 0.7419434810290113 0.7347563049988821 0.6153704280150123 0.6738970800070092
4j, 0.9201937490142882 0.749160933017265 0.7708033710368909 0.899223382002674 0.7132405940210447 0.6673225940321572 0.7056196529883891
oji 0.6074057479854673 0.5479046209948137 0.5768728289986029 0.5847314150305465 0.6436112059745938 0.5931746129645035 0.6449380660196766
.j5 0.7287381759961136 0.7503371079801582 0.6757293510017917 0.6456394899869338 0.7039666699711233 0.7037541480385698 0.6810953129897825
4jk 0.7045461350353435 0.8687159300316125 0.7496982930460945 0.7651519189821556 0.6956613009679131 0.6522300550132059 0.6602514529949985
öj+ 0.9007816039957106 0.966114851005841 0.7102820459986106 0.7191886270302348 0.6062971400097013 0.7186536480439827 0.5848869020119309
§jk 0.523685805965215 0.7279036350082606 0.6459275970119052 0.5694353500148281 0.5550794200389646 0.5247296569868922 0.5097766350372694
§jo 0.9594800299964845 0.8097500819712877 0.6526033550035208 0.6303279980202205 0.6826375479577109 0.5257448210031725 0.6451674769632518
ijö 0.6509160629939288 0.645172854012344 0.7125440089730546 0.6815634090453386 0.5983206949895248 0.7270731159951538 0.675226207007654
ljö 4.603967030998319 0.6823145870002918 0.7493091659853235 0.7577973770094104 0.6362635240075178 0.6835535860154778 0.7639484039973468
g7e 0.6740626450045966 0.6377753829583526 0.9150217369897291 0.810898894967977 0.7538520020316355 0.6659141540294513 0.6822307459660806
a7x 0.7336568919708952 0.6547296189819463 0.7021858919761144 0.6467735629994422 0.7002844359958544 0.6272766240290366 0.6885832560365088
v7x 0.9217956949723884 0.6752669949783012 0.7326125630061142 0.904404460976366 0.7083958620205522 0.6547977479640394 0.6480949249817058
e7b 0.7441285789827816 0.7623023010091856 0.7169754750211723 0.7674420629628003 0.6219929730286822 0.648174169997219 0.814944737998303
f7z 0.7177152219810523 0.7447733230073936 0.6645969310193323 0.6678949180059135 0.6738905160455033 0.6571130740339868 0.6394747179583646
17d 0.7820138979586773 0.8363096439861692 1.098019428027328 0.8695718820090406 0.891765172011219 0.8740745579707436 0.8443774579791352
r72 0.6404588370351121 0.6299926660140045 0.6463414040044881 0.6879246379830875 0.655098557996098 0.8050099939573556 0.7429425859590992
37x 0.7117644629906863 2.231311975978315 0.8828442209633067 0.6980252030189149 0.7720650890260004 0.7398876349907368 0.7858281960361637
e7s 1.0747222069767304 0.6622258920106106 0.7530575229902752 0.8481851949472912 0.7862403650069609 0.7423540279851295 0.7202744200476445
x7g 0.8519962300197221 0.6552062669652514 0.6211414839490317 0.6896160719916224 0.8691680039628409 0.6190725570195355 0.686022100970149
+ly 0.5927776580210775 0.5398694420000538 0.5395170680130832 0.5092129950062372 0.4256589409778826 0.43234655499691144 0.5097815479966812
ml, 0.6302256700000726 0.7655468030134216 0.600373180990573 0.741121931001544 0.7797554810531437 0.6007886290317401 0.6803415499744006
ul§ 0.5777778810006566 0.638321915990673 0.5486025949940085 0.5174118510331027 0.5241003500414081 0.5539963620249182 0.5477514289668761
kl+ 0.6970381630235352 0.6674187280004844 0.6005036319838837 0.6349331319797784 0.7871724289725535 0.6530448739649728 0.5993448640219867
=lm 0.6746697319904342 0.5918442340334877 0.8538829049794003 0.7124132160097361 0.5842869990156032 0.6815037910128012 0.7725818299804814
,ln 0.733834590006154 0.6366668289992958 0.6289126869523898 0.6062960340059362 0.6512978079845197 0.5921981619903818 0.6003649139893241
-ln 0.7270547130028717 0.6966018480015919 0.8176629500230774 0.930691261019092 0.9906896959873848 0.7946337090106681 0.8010892780148424
klj 0.6234480909770355 0.6290670040179975 0.9661423650104553 0.6817034080158919 0.6304983419831842 0.631031166005414 0.5232768399873748
ylk 0.6217781140003353 0.6132864119717851 0.6608280549990013 0.6596081929747015 0.6004493049695157 0.6363384230062366 0.6541521690087393
=l, 0.5773239330155775 0.6596601370256394 0.6750259029795416 0.8997119109844789 0.6156270540086553 0.6811398569843732 0.59990348899737
92t 0.5751340889837593 0.4834077329724096 0.6281922789639793 0.518715599027928 0.5282464650226757 0.6845145279658027 0.6494972070213407
r2d 0.9060860070167109 0.9391311949584633 0.6952037460287102 0.7282866230234504 0.9028873010538518 0.701864711008966 0.7869431279832497
92c 0.6852076899958774 0.6886369510320947 0.5969497119658627 0.6618244999554008 0.9819164130021818 0.5964374649920501 0.621040111000184
x2b 0.8990133159677498 1.0737596219987608 1.0999410929507576 0.9467734479694627 0.872950358025264 1.1217848689993843 0.8403575940174051
r2w 0.7295959450420924 0.8049394949921407 0.7232536299852654 0.690290066995658 0.7768952460028231 0.7911886840010993 0.7250259289867245
t28 0.9673539969953708 0.6456347419880331 0.6841086309868842 0.5797524089575745 0.7276915320544504 0.7006054720259272 0.6558958509704098
s28 0.9332173689617775 0.6901275800191797 0.6830934210447595 0.7354363960330375 0.6790548189892434 0.6945146910147741 0.8755429499433376
s2d 1.053813592006918 0.9187808579881676 0.9620515559799969 1.1831462120171636 0.8587287879781798 1.0137105630128644 0.8610963549581356
b2c 1.5914439120097086 0.7846841610153206 0.8424921210389584 0.8081878980156034 0.8311772780143656 0.7969358740374446 0.7907731719897129
w29 0.6983605129644275 0.7613615120062605 0.7085127240279689 0.7268558770301752 0.6337290150113404 0.6674564779968932 0.5881111570051871
j6o 0.7284381749923341 0.6966982610174455 0.8908282609772868 0.7413574579986744 0.6966382440296002 0.7111822020378895 0.7437020050128922
,6y 0.7352058970136568 0.7804722539731301 0.7123930079978891 0.6680185869918205 0.6867951760068536 0.5781047939672135 0.644281068991404
=6. 0.7272672120016068 0.8251103539951146 0.7196447179885581 0.7879500280250795 0.728371717967093 0.8316398179740645 0.7200078900204971
.6i 1.0198897210066207 1.2447658210294321 0.9902791769709438 0.840012960950844 0.8767659469740465 0.8174823489971459 0.7956862099817954
=6k 0.7352455079671927 0.7709828459774144 0.7199072359944694 0.6593450460350141 0.7655194830149412 0.6518714459962212 0.733836491999682
k6§ 0.7188455309951678 0.7713331219856627 0.727449466008693 0.7117481449968182 1.0646549860248342 0.8605178009602241 0.7194117970066145
h6o 0.8175135360215791 0.787509418965783 0.7662935269763693 0.930045006040018 0.7568502069916576 0.7645850109984167 0.7510662939748727
i6. 0.8029737390461378 0.6948940959991887 0.7731662319856696 0.892098052019719 0.8697136950213462 0.8102171349455602 0.945276764978189
o6i 1.0030640400364064 1.2689279179903679 0.9658044030074961 0.9596345699974336 0.9292539259768091 0.884587676031515 1.026906526996754
i6= 0.9077357850037515 0.7883029960212298 0.8552405820228159 0.7419310880359262 0.6977458440233022 0.6373524630325846 0.6074190909857862
fax 0.7291412660269998 0.7625716230249964 0.7920118670444936 0.7892499400186352 0.7198986069997773 0.6906700049876235 0.7077546020154841
wa8 0.7142177839996293 0.7414233909803443 0.7088100349646993 0.8518494210438803 0.7421276650275104 0.7450393459876068 0.7131157880066894
cab 0.8819008650025353 0.7255319880205207 0.6843225019983947 0.5927317020250484 0.6448623180040158 0.6067738329875283 0.6753686239826493
vae 0.7927724790060893 0.6903994570020586 0.8646867559873499 1.3794174540089443 0.8848168319673277 1.150409555004444 1.101343373011332
ca8 0.831342397024855 0.779092307027895 0.7619619499891996 0.8146050640498288 0.7500964389764704 0.7546862509916537 0.7352949759806506
wa9 0.8697072719805874 0.7548505939776078 0.8669717130251229 0.6913702540332451 0.7308633649954572 0.6520107879769057 0.7953226680401713
rax 0.7321415430051275 0.7338713069912046 0.7003835419891402 0.6780152950086631 0.7110774429747835 0.69670585001586 0.7725665729958564
wad 0.8541233839932829 1.5890983620192856 0.8380169899901375 0.8318986669764854 0.8472076780162752 0.8070903809857555 0.7707091469783336
da9 0.7152789409738034 1.441307183005847 0.767687002022285 0.7465485940338112 0.7000441550044343 0.6272563719539903 0.5841690480010584
tax 0.8101049159886315 0.7116416080389172 0.8169953090255149 0.7861348209553398 0.6766479180078022 0.6845740919816308 0.8087206490454264
